1.251924754523812666e+01
1.253183286599005264e+01
1.254436210426214693e+01
1.255683624053883385e+01
1.256925623183385632e+01
1.258162301237468483e+01
1.259393749432589793e+01
1.260620056847877102e+01
1.261841310492370916e+01
1.263057595358638352e+01
1.264268994498071841e+01
1.265475589062965867e+01
1.266677458378704557e+01
1.267874679987400022e+01
1.269067329703842795e+01
1.270255481666571740e+01
1.271439208374809304e+01
1.272618580761166562e+01
1.273793668205387064e+01
1.274964538604086961e+01
1.276131258393940904e+01
1.277293892607959691e+01
1.278452504893948039e+01
1.279607157579880372e+01
1.280757911680136729e+01
1.281904826958606236e+01
1.283047961935298531e+01
1.284187373952545563e+01
1.285323119177734519e+01
1.286455252633282775e+01
1.287583828250560281e+01
1.288708898887546361e+01
1.289830516348852818e+01
1.290948731414822426e+01
1.292063593878697247e+01
1.293175152560260877e+01
1.294283455333395416e+01
1.295388549150711377e+01
1.296490480063841311e+01
1.297589293263732024e+01
1.298685033064509220e+01
1.299777742956293025e+01
1.300867465618018670e+01
1.301954242933095429e+01
1.303038116011192571e+01
1.304119125200673146e+01
1.305197310116086129e+01
1.306272709647100427e+01
1.307345361983066212e+01
1.308415304626392661e+01
1.309482574399855181e+01
1.310547207487934962e+01
1.311609239406611493e+01
1.312668705063305907e+01
1.313725638756268665e+01
1.314780074169511437e+01
1.315832044417375002e+01
1.316881582029550124e+01
1.317928718987714554e+01
1.318973486709012377e+01
1.320015916093340813e+01
1.321056037509427128e+01
1.322093880813514311e+01
1.323129475361396779e+01
1.324162850008357140e+01
1.325194033154936335e+01
1.326223052700816751e+01
1.327249936106344030e+01
1.328274710374816792e+01
1.329297402070071321e+01
1.330318037318475710e+01
1.331336641827681788e+01
1.332353240897024449e+01
1.333367859409304579e+01
1.334380521857980639e+01
1.335391252338706281e+01
1.336400074573391805e+01
1.337407011907552423e+01
1.338412087314217125e+01
1.339415323418036152e+01
1.340416742481898993e+01
1.341416366427182183e+01
1.342414216831803131e+01
1.343410314954289397e+01
1.344404681718205374e+01
1.345397337719523101e+01
1.346388303259892183e+01
1.347377598323775238e+01
1.348365242588561941e+01
1.349351255444277164e+01
1.350335655993675665e+01
1.351318463036777651e+01
1.352299695118812295e+01
1.353279370489189759e+01
1.354257507147439732e+01
1.355234122813820541e+01
1.356209234956400067e+01
1.357182860778928024e+01
1.358155017248939167e+01
1.359125721081582050e+01
1.360094988746818423e+01
1.361062836485497130e+01
1.362029280308388657e+01
1.362994335980417482e+01
1.363958019056070725e+01
1.364920344868825808e+01
1.365881328529009586e+01
1.366840984938350090e+01
1.367799328803021197e+01
1.368756374584079971e+01
1.369712136582339390e+01
1.370666628877606996e+01
1.371619865369064684e+01
1.372571859735879762e+01
1.373522625513353468e+01
1.374472176005079582e+01
1.375420524361414465e+01
1.376367683532349950e+01
1.377313666319326657e+01
1.378258485327736693e+01
1.379202152998147390e+01
1.380144681606999413e+01
1.381086083256540853e+01
1.382026369904887986e+01
1.382965553322451235e+01
1.383903645152876294e+01
1.384840656860580488e+01
1.385910003825451575e+01
1.386891911060457261e+01
1.387872233246035414e+01
1.388850989016157556e+01
1.389828196729827070e+01
1.390803874476121749e+01
1.391778040079098666e+01
1.392750711102843120e+01
1.393721904856042926e+01
1.394691638396752786e+01
1.395659928536898597e+01
1.396626791846758486e+01
1.397592244659165317e+01
1.398556303074035334e+01
1.399518982962219127e+01
1.400480299969704490e+01
1.401440269521701154e+01
1.402398906826248037e+01
1.403356226878228874e+01
1.404312244463053538e+01
1.405266974160287496e+01
1.406220430347140216e+01
1.407172627202070991e+01
1.408123578708145551e+01
1.409073298656293538e+01
1.410021800648774182e+01
1.410969098101871744e+01
1.411915204250049527e+01
1.412860132147945791e+01
1.413803894673822903e+01
1.414746504532591942e+01
1.415687974258556991e+01
1.416628316218281647e+01
1.417567542613284814e+01
1.418505665482925693e+01
1.419442696706799545e+01
1.420378648007582179e+01
1.421313530953439397e+01
1.422247356960550668e+01
1.423180137295571690e+01
1.424111883078020568e+01
1.425042605282608044e+01
1.425972314741596669e+01
1.426901022147053588e+01
1.427828738052972390e+01
1.428755472877597299e+01
1.429681236905430275e+01
1.430606040289314862e+01
1.431529893052700686e+01
1.432452805091283210e+01
1.433374786175392934e+01
1.434295845951502102e+01
1.435215993944577484e+01
1.436135239559403054e+01
1.437053592083061915e+01
1.437971060686100344e+01
1.438887654424732787e+01
1.439803382242326713e+01
1.440718252971154811e+01
1.441632275334259106e+01
1.442545457946632403e+01
1.443457809317241747e+01
1.444369337850530854e+01
1.445280051847761627e+01
1.446189959508744494e+01
1.447099068933259680e+01
1.448007388122477401e+01
1.448914924980311980e+01
1.449821687315249896e+01
1.450727682841221799e+01
1.451632919179196968e+01
1.452537403858632103e+01
1.453441144318513345e+01
1.454344147908989804e+01
1.455246421892324271e+01
1.456147973444278243e+01
1.457048809655366384e+01
1.457948937532156819e+01
1.458848363998059483e+01
1.459747095894938518e+01
1.460645139984221252e+01
1.461542502947562738e+01
1.462439191388457616e+01
1.463335211833177496e+01
1.464230570731754533e+01
1.465125274459137650e+01
1.466019329316098663e+01
1.466912741530283171e+01
1.467805517257352932e+01
1.468697662582041019e+01
1.469589183518532671e+01
1.470480086012122989e+01
1.471370375939925168e+01
1.472260059111446573e+01
1.473149141270033624e+01
1.474037628093386232e+01
1.474925525194530884e+01
1.475812838122879711e+01
1.476699572364599433e+01
1.477585733344133168e+01
1.478471326424356569e+01
1.479356356907710079e+01
1.480240830037253552e+01
1.481124750996602835e+01
1.482008124911763502e+01
1.482890956851147912e+01
1.483773251826591277e+01
1.484655014794028105e+01
1.485536250654266333e+01
1.486416964253731265e+01
1.487297160384988359e+01
1.488176843787606352e+01
1.489056019148776855e+01
1.489934691104020992e+01
1.490812864238028546e+01
1.491690543084587972e+01
1.492567732128097191e+01
1.493444435803840697e+01
1.494320658498557819e+01
1.495196404551021274e+01
1.496071678252840798e+01
1.496946483849023934e+01
1.497820825538033063e+01
1.498694707473400634e+01
1.499568133763125566e+01
1.500441108471554763e+01
1.501313635618177322e+01
1.502185719180093137e+01
1.503057363091126142e+01
1.503928571242792422e+01
1.504799347485487715e+01
1.505669695627666194e+01
1.506539619437408106e+01
1.507409122642739163e+01
1.508278208931592168e+01
1.509146881953041408e+01
1.510015145317003515e+01
1.510883002595413416e+01
1.511750457322261632e+01
1.512617512994063773e+01
1.513484173070596661e+01
1.514350440975226419e+01
1.515216320094919666e+01
1.516081813781311993e+01
1.516946925350758413e+01
1.517811658084721849e+01
1.518676015230639109e+01
1.519540000001652125e+01
1.520403615577727230e+01
1.521266865104993826e+01
1.522138810685284227e+01
1.523011495204818821e+01
1.523883720410278642e+01
1.524755490430091065e+01
1.525626809348075952e+01
1.526497681203819390e+01
1.527368109993457068e+01
1.528238099669917105e+01
1.529107654143735395e+01
1.529976777283414613e+01
1.530845472915982519e+01
1.531713744827498580e+01
1.532581596763585452e+01
1.533449032429848025e+01
1.534316055492441322e+01
1.535182669578460946e+01
1.536048878276646334e+01
1.536914685137493919e+01
1.537780093673930715e+01
1.538645107361768893e+01
1.539509729640094804e+01
1.540373963911780386e+01
1.541237813543826363e+01
1.542101281867805795e+01
1.542964372180403743e+01
1.543827087743652271e+01
1.544689431785485212e+01
1.545551407500091479e+01
1.546413018048296095e+01
1.547274266557971067e+01
1.548135156124470235e+01
1.548995689810900345e+01
1.549855870648609724e+01
1.550715701637499144e+01
1.551575185746452235e+01
1.552434325913575108e+01
1.553293125046691792e+01
1.554151586023640341e+01
1.555009711692587970e+01
1.555867504872390761e+01
1.556724968353038641e+01
1.557582104895806019e+01
1.558438917233720034e+01
1.559295408071790412e+01
1.560151580087485534e+01
1.561007435930803311e+01
1.561862978224848142e+01
1.562718209565944960e+01
1.563573132524034826e+01
1.564427749642983834e+01
1.565282063440798588e+01
1.566136076410070643e+01
1.566989791018004574e+01
1.567843209706994045e+01
1.568696334894790922e+01
1.569549168974670295e+01
1.570401714315871544e+01
1.571253973263762482e+01
1.572105948140167619e+01
1.572957641243617921e+01
1.573809054849606426e+01
1.574660191210757532e+01
1.575511052557267000e+01
1.576361641097001609e+01
1.577211959015812504e+01
1.578062008477752798e+01
1.578911791625310457e+01
1.579761310579699263e+01
1.580610567441031300e+01
1.581459564288570441e+01
1.582308303181000753e+01
1.583156786156623852e+01
1.584005015233529612e+01
1.584852992409886774e+01
1.585700719664187197e+01
1.586548198955348532e+01
1.587395432223054748e+01
1.588242421387815106e+01
1.589089168351380899e+01
1.589935674996737447e+01
1.590781943188465775e+01
1.591627974772777954e+01
1.592473771577956043e+01
1.593319335414304661e+01
1.594164668074479962e+01
1.595009771333609372e+01
1.595854646949595868e+01
1.596699296663123491e+01
1.597543722198023275e+01
1.598387925261303089e+01
1.599231907543496511e+01
1.600075670718598886e+01
1.600919216444506787e+01
1.601762546363012873e+01
1.602605662100047113e+01
1.603448565265805925e+01
1.604291257455013309e+01
1.605133740246890639e+01
1.605976015205582286e+01
1.606818083880066794e+01
1.607659947804507894e+01
1.608501608498260538e+01
1.609343067466205213e+01
1.610184326198659477e+01
1.611025386171777285e+01
1.611866248847514527e+01
1.612706915673888730e+01
1.613547388085058287e+01
1.614387667501530643e+01
1.615227755330212034e+01
1.616067652964678203e+01
1.616907361785192876e+01
1.617746883158879712e+01
1.618586218439956426e+01
1.619425368969703172e+01
1.620264336076816747e+01
1.621103121077114650e+01
1.621941725274209389e+01
1.622780149959361040e+01
1.623618396411574594e+01
1.624456465897825197e+01
1.625294359673089772e+01
1.626132078980553786e+01
1.626969625051669510e+01
1.627806999106307373e+01
1.628644202352968051e+01
1.629481235988572863e+01
1.630318101199093661e+01
1.631154799159219948e+01
1.631991331032668313e+01
1.632827697972288661e+01
1.633663901120128870e+01
1.634499941607571571e+01
1.635335820555429009e+01
1.636171539074117831e+01
1.637007098263669391e+01
1.637842499213843439e+01
1.638677743004310017e+01
1.639512830704730462e+01
1.640347763374738221e+01
1.641182542064213834e+01
1.642017167813324718e+01
1.642851641652528727e+01
1.643685964602787664e+01
1.644520137675652194e+01
1.645354161873274990e+01
1.646188038188556746e+01
1.647021767605369291e+01
1.647855351098324306e+01
1.648688789633130369e+01
1.649523414323027026e+01
1.650358992582973627e+01
1.651194405551460420e+01
1.652029654385117752e+01
1.652864740229848195e+01
1.653699664220799548e+01
1.654534427482477099e+01
1.655369031128937962e+01
1.656203476263723218e+01
1.657037763980236988e+01
1.657871895361577685e+01
1.658705871480736960e+01
1.659539693400857985e+01
1.660373362175006307e+01
1.661206878846623169e+01
1.662040244449394422e+01
1.662873460007429571e+01
1.663706526535358066e+01
1.664539445038380094e+01
1.665372216512425396e+01
1.666204841944184167e+01
1.667037322311302106e+01
1.667869658582351988e+01
1.668701851716980400e+01
1.669533902665938641e+01
1.670365812371425562e+01
1.671197581766613638e+01
1.672029211776534297e+01
1.672860703317332209e+01
1.673692057297000346e+01
1.674523274615103929e+01
1.675354356163019176e+01
1.676185302823874679e+01
1.677016115472819635e+01
1.677846794976982281e+01
1.678677342195486588e+01
1.679507757979767391e+01
1.680338043173385643e+01
1.681168198612277465e+01
1.681998225124741353e+01
1.682828123531479037e+01
1.683657894645907760e+01
1.684487539273938239e+01
1.685317058214168284e+01
1.686146452257992934e+01
1.686975722189603744e+01
1.687804868786180990e+01
1.688633892817790638e+01
1.689462795047552390e+01
1.690291576231718906e+01
1.691120237119732295e+01
1.691948778454333180e+01
1.692777200971454477e+01
1.693605505400440947e+01
1.694433692464106755e+01
1.695261762878810075e+01
1.696089717354402637e+01
1.696917556594472032e+01
1.697745281296264253e+01
1.698572892150659897e+01
1.699400389842442394e+01
1.700227775050397128e+01
1.701055048447111062e+01
1.701882210699138653e+01
1.702709262467223184e+01
1.703536204406177035e+01
1.704363037164907979e+01
1.705189761386593261e+01
1.706016377708741061e+01
1.706842886763195111e+01
1.707669289176100591e+01
1.708495585568201491e+01
1.709321776554545380e+01
