7.489430011254129660e+00
7.495673303268075571e+00
7.501888889667326588e+00
7.508077255354462132e+00
7.514238873616120529e+00
7.520374206486962088e+00
7.526483705100195820e+00
7.532567810023472532e+00
7.538626951583324853e+00
7.544661550175802311e+00
7.550672016566531752e+00
7.556658752178478267e+00
7.562622149370652913e+00
7.568562591704388609e+00
7.574480454201624191e+00
7.580376103593126302e+00
7.586249898557217541e+00
7.592102189951460467e+00
7.597933321034359366e+00
7.603743627680067618e+00
7.609533438586161935e+00
7.615303075472730221e+00
7.621052853275838146e+00
7.626783080333834342e+00
7.632494058567203865e+00
7.638186083652497516e+00
7.643859445190630097e+00
7.649514426868896599e+00
7.655151306618335205e+00
7.660770356765338462e+00
7.666371844178692108e+00
7.671956030411537952e+00
7.677523171839080618e+00
7.683073519792446682e+00
7.688607320683685131e+00
7.694124816136279854e+00
7.699626243102176026e+00
7.705111833979789715e+00
7.710581816727272830e+00
7.716036414971816804e+00
7.721475848117745677e+00
7.726900331447986048e+00
7.732310076225177298e+00
7.737705289788535445e+00
7.743086175647749592e+00
7.748452933575069146e+00
7.753805759692693478e+00
7.759144846560218411e+00
7.764470383257076946e+00
7.769782555464061602e+00
7.775081545542239070e+00
7.780367532608003955e+00
7.785640692611593749e+00
7.790901198402686134e+00
7.796149219805791120e+00
7.801384923686587314e+00
7.806608474017449062e+00
7.811820031943438103e+00
7.817019755843503503e+00
7.822207801392291771e+00
7.827384321618709784e+00
7.832549466964324303e+00
7.837703385338191886e+00
7.842846222173010418e+00
7.847978120476707176e+00
7.853099220884931952e+00
7.858209661711337723e+00
7.863309578996251936e+00
7.868399106554578637e+00
7.873478376021957104e+00
7.878547516900649583e+00
7.883606656602939466e+00
7.888655920494405116e+00
7.893695431935706885e+00
7.898725312323522374e+00
7.903745681129946909e+00
7.908756655941710179e+00
7.913758352497559656e+00
7.918750884725247019e+00
7.923734364777891948e+00
7.928708903067962943e+00
7.933674608303064701e+00
7.938631587517377852e+00
7.943579946106035017e+00
7.948519787855775398e+00
7.953451214976129613e+00
7.958374328129750985e+00
7.963289226462384462e+00
7.968196007630933941e+00
7.973094767832190399e+00
7.977985601829875151e+00
7.982868602982089001e+00
7.987743863267120048e+00
7.992611473309034764e+00
7.997471522403015065e+00
8.002324098539491004e+00
8.007169288428485743e+00
8.012007177522136203e+00
8.016837850038958990e+00
8.021661388984520968e+00
8.026477876174286763e+00
8.031287392254709445e+00
8.036090016724386942e+00
8.040885827953665910e+00
8.045674903204364625e+00
8.050457318653169381e+00
8.055233149404102733e+00
8.060002469512220102e+00
8.064765352000033971e+00
8.069521868875586534e+00
8.074272091150326958e+00
8.079016088855523137e+00
8.083753931060194020e+00
8.088485685886126930e+00
8.093211420524935917e+00
8.097931201253203426e+00
8.102645093448469282e+00
8.107353161603573000e+00
8.112055469342008607e+00
8.116752079432227873e+00
8.121443053801574052e+00
8.126128453550517605e+00
8.130808338966005522e+00
8.135482769535018477e+00
8.140151803956920062e+00
8.144815500157481125e+00
8.149473915300236015e+00
8.154350466092751049e+00
8.159227222992816664e+00
8.164096151478643648e+00
8.168957343803143090e+00
8.173810890857698297e+00
8.178656882197108402e+00
8.183495406065272704e+00
8.188326549419265632e+00
8.193150397950970998e+00
8.197967036113007921e+00
8.202776547139043473e+00
8.207579013066371942e+00
8.212374514758089106e+00
8.217163131922747610e+00
8.221944943136168860e+00
8.226720025861313346e+00
8.231488456466900416e+00
8.236250310248125928e+00
8.241005661444491537e+00
8.245754583258312564e+00
8.250497147873272041e+00
8.255233426471084712e+00
8.259963489249956936e+00
8.264687405440639623e+00
8.269405243322607291e+00
8.274117070241523209e+00
8.278822952623579923e+00
8.283522955991971415e+00
8.288217144982123585e+00
8.292905583355903332e+00
8.297588334016415601e+00
8.302265459022493133e+00
8.306937019602710137e+00
8.311603076168189830e+00
8.316263688327541814e+00
8.320918914898490115e+00
8.325568813921908173e+00
8.330213442673480628e+00
8.334852857676354532e+00
8.339487114714085436e+00
8.344116268840814143e+00
8.348740374394955310e+00
8.353359485008599705e+00
8.357973653620206278e+00
8.362582932484803777e+00
8.367187373184831856e+00
8.371787026641085205e+00
8.376381943122488849e+00
8.380972172256592856e+00
8.385557763039697576e+00
8.390138763845909509e+00
8.394715222437570290e+00
8.399287185974062098e+00
8.403854701021256091e+00
8.408417813560841836e+00
8.412976568998024263e+00
8.417531012172201343e+00
8.422081187363803068e+00
8.426627138303395270e+00
8.431168908179586197e+00
8.435706539647833679e+00
8.440240074837451090e+00
8.444769555360533531e+00
8.449295022317855341e+00
8.453816516308503282e+00
8.458334077435699427e+00
8.462847745314705961e+00
8.467357559079625062e+00
8.471863557390912902e+00
8.476365778441836696e+00
8.480864259965189333e+00
8.485359039239927625e+00
8.489850153098039698e+00
8.494337637930829743e+00
8.498821529694582821e+00
8.503301863917744896e+00
8.507778675706243021e+00
8.512251999749645748e+00
8.516721870327366162e+00
8.521188321313870162e+00
8.525651386184801339e+00
8.530111098022167937e+00
8.534567489520490824e+00
8.539020592991299452e+00
8.543470440368938768e+00
8.547917063215743738e+00
8.552360492727290264e+00
8.556800759736800543e+00
8.561237894721115183e+00
8.565671927804649144e+00
8.570102888764338900e+00
8.574530807035118940e+00
8.578955711713346588e+00
8.583377631562534305e+00
8.587796595016719436e+00
8.592212630186224942e+00
8.596625764860309715e+00
8.601036026513082078e+00
8.605443442306546231e+00
8.609848039095355787e+00
8.614249843430844322e+00
8.618648881564338282e+00
8.623045179452068609e+00
8.627438762758794510e+00
8.631829656860853461e+00
8.636217886851014214e+00
8.640603477541615618e+00
8.644986453467895515e+00
8.649366838892273535e+00
8.653744657807587615e+00
8.658119933940300328e+00
8.662492690754667990e+00
8.666862951454785247e+00
8.671230738989464726e+00
8.675596076054384653e+00
8.679958985095973745e+00
8.684319488313660074e+00
8.688677607664576641e+00
8.693033364864728441e+00
8.697386781393714017e+00
8.701737878496803802e+00
8.706086677187688139e+00
8.710433198251912756e+00
8.714777462249889695e+00
8.719119489518959654e+00
8.723459300176392262e+00
8.727796914123290506e+00
8.732132351045006402e+00
8.736465630415962025e+00
8.740796771500960460e+00
8.745125793358070609e+00
8.749452714841773115e+00
8.753777554604381450e+00
8.758100331099216262e+00
8.762421062583138465e+00
8.766739767118185256e+00
8.771056462575046453e+00
8.775371166634014841e+00
8.779683896788865738e+00
8.783994670347659905e+00
8.788303504435566182e+00
8.792610415997485163e+00
8.796915421799537782e+00
8.801218538431616167e+00
8.805519782309319865e+00
8.809819169675709105e+00
8.814116716604443624e+00
8.818412439000063330e+00
8.822706352601802138e+00
8.826998472984277200e+00
8.831327036839999423e+00
8.835666052323984943e+00
8.840002810629373542e+00
8.844337332198156432e+00
8.848669637251237674e+00
8.852999745790636865e+00
8.857327677602491178e+00
8.861653452259250940e+00
8.865977089123347810e+00
8.870298607348539477e+00
8.874618025883171057e+00
8.878935363472786335e+00
8.883250638662744336e+00
8.887563869799340210e+00
8.891875075034079146e+00
8.896184272324825670e+00
8.900491479438395359e+00
8.904796713953359699e+00
8.909099993261715866e+00
8.913401334571492640e+00
8.917700754908414851e+00
8.921998271119083057e+00
8.926293899872028703e+00
8.930587657660735701e+00
8.934879560805473631e+00
8.939169625454546519e+00
8.943457867587531140e+00
8.947744303016756717e+00
8.952028947389466751e+00
8.956311816188865293e+00
8.960592924737651899e+00
8.964872288199680739e+00
8.969149921577985296e+00
8.973425839723482511e+00
8.977700057331581718e+00
8.981972588945344782e+00
8.986243448958393998e+00
8.990512651614604778e+00
8.994780211011986992e+00
8.999046141102429175e+00
9.003310455695306302e+00
9.007573168457025048e+00
9.011834292914800315e+00
9.016093842456433194e+00
9.020351830333465770e+00
9.024608269661078097e+00
9.028863173421511235e+00
9.033116554463965997e+00
9.037368425506933534e+00
9.041618799139854445e+00
9.045867687824070913e+00
9.050115103894018631e+00
9.054361059560097402e+00
9.058605566908038753e+00
9.062848637902281013e+00
9.067090284385841414e+00
9.071330518082447725e+00
9.075569350597467277e+00
9.079806793419759714e+00
9.084042857923627423e+00
9.088277555366872207e+00
9.092510896896179418e+00
9.096742893545878061e+00
9.100973556240113282e+00
9.105202895794164419e+00
9.109430922914068418e+00
9.113657648200353734e+00
9.117883082147107743e+00
9.122107235145435311e+00
9.126330117480666360e+00
9.130551739337986916e+00
9.134772110800621903e+00
9.138991241852345127e+00
9.143209142377811460e+00
9.147425822163592457e+00
9.151641290900702330e+00
9.155855558183235487e+00
9.160068633511171399e+00
9.164280526291337381e+00
9.168491245837453008e+00
9.172700801371719947e+00
9.176909202026456214e+00
9.181116456843593454e+00
9.185322574776566995e+00
9.189527564692086870e+00
9.193731435367825000e+00
9.197934195499675170e+00
9.202135853694963785e+00
9.206336418478537453e+00
9.210535898292134149e+00
9.214734301495145274e+00
9.218931636366207272e+00
9.223127911102871224e+00
9.227323133823730927e+00
9.231517312568159994e+00
9.235710455298093535e+00
9.239902569898157836e+00
9.244093664176752156e+00
9.248283745867164285e+00
9.252472822627725080e+00
9.256660902043135408e+00
9.260847991625054121e+00
9.265034098812828134e+00
9.269219230973932966e+00
9.273403395405674488e+00
9.277586599335164053e+00
9.281768849919878051e+00
9.285950154249146493e+00
9.290130519344304005e+00
9.294309952159560240e+00
9.298488459582692656e+00
9.302666048435806800e+00
9.306842725475533484e+00
9.311018497394988103e+00
9.315193370822818508e+00
9.319367352324951170e+00
9.323540448404717296e+00
9.327712665503861800e+00
9.331884010003268060e+00
9.336054488223007652e+00
9.340224106423217876e+00
9.344392870805044993e+00
9.348560787511305037e+00
9.352727862625926036e+00
9.356894102176211092e+00
9.361059512132365867e+00
9.365224098408420517e+00
9.369387866862448178e+00
9.373550823297971846e+00
9.377712973463522061e+00
9.381874323053734699e+00
9.386034877710132562e+00
9.390194643020691956e+00
9.394353624522057800e+00
9.398511827697914711e+00
9.402669257981784767e+00
9.406825920755462533e+00
9.410981821351080967e+00
9.415136965051388529e+00
9.419291357088555472e+00
9.423445002647605762e+00
9.427597906864294330e+00
9.431750074827158770e+00
9.435901511577080569e+00
9.440052222108384683e+00
9.444202211369296052e+00
9.448351484261708677e+00
9.452500045642349136e+00
9.456647900323224221e+00
9.460795053071555216e+00
9.464948042531467820e+00
9.469105880414845799e+00
9.473262915176952959e+00
9.477419152534206859e+00
9.481574598149160593e+00
9.485729257631746236e+00
9.489883136538027841e+00
9.494036240373208813e+00
9.498188574590724187e+00
9.502340144591711280e+00
9.506490955728585490e+00
9.510641013302882030e+00
9.514790322566570424e+00
9.518938888722031422e+00
9.523086716924510142e+00
9.527233812280622161e+00
9.531380179848827794e+00
9.535525824641121417e+00
9.539670751623399170e+00
9.543814965714117804e+00
9.547958471787852730e+00
9.552101274671610298e+00
9.556243379149819361e+00
9.560384789961968721e+00
9.564525511803569913e+00
9.568665549326793140e+00
9.572804907140820774e+00
9.576943589812330515e+00
9.581081601865163222e+00
9.585218947783289423e+00
9.589355632007578123e+00
9.593491658939200306e+00
9.597627032938147451e+00
9.601761758324707685e+00
9.605895839379732237e+00
9.610029280344766889e+00
9.614162085421845916e+00
9.618294258776041161e+00
9.622425804531498983e+00
9.626556726777621975e+00
9.630687029564525048e+00
9.634816716906986045e+00
9.638945792781923316e+00
9.643074261130394120e+00
9.647202125857617716e+00
9.651329390833570443e+00
9.655456059892490117e+00
9.659582136834151456e+00
9.663707625423413106e+00
9.667832529391674257e+00
9.671956852435846130e+00
9.676080598219453321e+00
9.680203770373408290e+00
9.684326372495556612e+00
9.688448408151053570e+00
9.692569880872893506e+00
9.696690794162414306e+00
9.700811151488858641e+00
9.704930956291255129e+00
9.709050211976887113e+00
9.713168921922395782e+00
9.717287089473932937e+00
9.721404717948322727e+00
9.725521810632752562e+00
9.729638370783503021e+00
9.733754401629379771e+00
9.737869906369205353e+00
9.741984888173213619e+00
9.746099350184199039e+00
9.750213295516331868e+00
9.754326727255620000e+00
9.758439648461285643e+00
9.762552062165275046e+00
