9.143838922845976214e+00
9.152191184994480366e+00
9.160506338334444720e+00
9.168785032243851774e+00
9.177027900541880001e+00
9.185235561976995200e+00
9.193408620696104094e+00
9.201547666695230276e+00
9.209653276253220611e+00
9.217726012348204989e+00
9.225766425059672926e+00
9.233775051954371094e+00
9.241752418458320406e+00
9.249699038214906466e+00
9.257615413430078988e+00
9.265502035204933762e+00
9.273359383856282889e+00
9.281187929225398037e+00
9.288988130976489899e+00
9.296760438883792332e+00
9.304505293109409436e+00
9.312223124470687452e+00
9.319914354699255554e+00
9.327579396690083513e+00
9.335218654742739375e+00
9.342832524794609128e+00
9.350421394645833217e+00
9.357985644176524787e+00
9.365525645557536194e+00
9.373041763453871411e+00
9.380534355221055165e+00
9.388003771095764449e+00
9.395450354380004754e+00
9.402874441619092138e+00
9.410276362774320447e+00
9.417656441390322541e+00
9.425014994756299558e+00
9.432352334063539345e+00
9.439668764556436997e+00
9.446964585680264648e+00
9.454240091223390152e+00
9.461495569455999899e+00
9.468731303263719923e+00
9.475947570278037801e+00
9.483144643001912399e+00
9.490322788932669340e+00
9.497482270680542626e+00
9.504623346083631574e+00
9.511746268320134590e+00
9.518851286016930757e+00
9.525938643354498581e+00
9.533008580170116986e+00
9.540061332056767540e+00
9.547097130459951231e+00
9.554116202771590238e+00
9.561118772421528078e+00
9.568105058965644005e+00
9.575075278173036608e+00
9.582029642108754075e+00
9.588968359216423210e+00
9.595891634396787495e+00
9.602799669085319678e+00
9.609692661326993957e+00
9.616570805849606884e+00
9.623434294134833422e+00
9.630283314487087409e+00
9.637118052101316223e+00
9.643938689128439989e+00
9.650745404739353717e+00
9.657538375186680568e+00
9.664317773865876759e+00
9.671083771374359372e+00
9.677836535568191678e+00
9.684576231619191233e+00
9.691303022068787243e+00
9.698017066881694959e+00
9.704718523497628979e+00
9.711407546881924091e+00
9.718084289574868251e+00
9.724748901740174034e+00
9.731401531211472999e+00
9.738042323538079970e+00
9.744671422030021901e+00
9.751288967801698959e+00
9.757895099813859829e+00
9.764489954915489989e+00
9.771073667884522251e+00
9.777646371466923725e+00
9.784208196415821845e+00
9.790759271528692409e+00
9.797299723684607997e+00
9.803829677880061766e+00
9.810349257264048717e+00
9.816858583172399122e+00
9.823357775161378314e+00
9.829846951040309477e+00
9.836326226903837622e+00
9.842795717162967861e+00
9.849255534575574345e+00
9.855705790276827472e+00
9.862146593807608497e+00
9.868578053143849615e+00
9.875000274723912952e+00
9.881413363476248435e+00
9.887817422845873949e+00
9.894212554820843053e+00
9.900598859957321807e+00
9.906976437405072389e+00
9.913345384931648852e+00
9.919705798946498732e+00
9.926057774524256416e+00
9.932401405427523144e+00
9.938736784129838853e+00
9.945064001837209844e+00
9.951383148509625798e+00
9.957694312882543031e+00
9.963997582486804561e+00
9.970293043669581579e+00
9.976580781613336057e+00
9.982860880356167144e+00
9.989133422809745255e+00
9.995398490778818257e+00
1.000165616497874943e+01
1.000790652505362743e+01
1.001414964959362308e+01
1.002038561615245449e+01
1.002661450126365494e+01
1.003313633116515291e+01
1.003965713859492581e+01
1.004616745692180935e+01
1.005266740963724104e+01
1.005915711840959048e+01
1.006563670311879832e+01
1.007210628188960833e+01
1.007856597112330732e+01
1.008501588552921824e+01
1.009145613815583076e+01
1.009788684042073292e+01
1.010430810213986064e+01
1.011072003155800658e+01
1.011712273537174234e+01
1.012351631876446945e+01
1.012990088542739997e+01
1.013627653758876690e+01
1.014264337603857236e+01
1.014900150015382607e+01
1.015535100792364176e+01
1.016169199597235462e+01
1.016802455958437434e+01
1.017434879272640202e+01
1.018066478807030784e+01
1.018697263701543676e+01
1.019327242970949676e+01
1.019956425507088582e+01
1.020584820080846988e+01
1.021212435344228275e+01
1.021839279832408209e+01
1.022465361965497088e+01
1.023090690050693574e+01
1.023715272283926048e+01
1.024339116751846035e+01
1.024962231433571880e+01
1.025584624202401507e+01
1.026206302827566574e+01
1.026827274975987692e+01
1.027447548213784501e+01
1.028067130008054164e+01
1.028686027728316255e+01
1.029304248648212727e+01
1.029921799946897565e+01
1.030538688710638695e+01
1.031154921934226110e+01
1.031770506522470221e+01
1.032385449291536439e+01
1.032999756970363947e+01
1.033613436202027991e+01
1.034226493545137160e+01
1.034838935475016619e+01
1.035450768385065423e+01
1.036061998587999788e+01
1.036672632317060305e+01
1.037282675727308145e+01
1.037892134896697982e+01
1.038501015827341689e+01
1.039109324446609683e+01
1.039717066608195317e+01
1.040324248093367210e+01
1.040930874611927415e+01
1.041536951803298727e+01
1.042142485237599736e+01
1.042747480416667294e+01
1.043351942775000474e+01
1.043955877680821942e+01
1.044559290437049270e+01
1.045162186282186845e+01
1.045764570391306414e+01
1.046366447876949657e+01
1.046967823790071961e+01
1.047568703120840361e+01
1.048169090799613734e+01
1.048768991697720665e+01
1.049368410628356507e+01
1.049967352347356986e+01
1.050565821554048007e+01
1.051163822892030275e+01
1.051761360949959467e+01
1.052358440262375616e+01
1.052955065310353611e+01
1.053551240522342347e+01
1.054146970274869943e+01
1.054742258893226747e+01
1.055337110652232901e+01
1.055931529776932720e+01
1.056525520443212329e+01
1.057119086778525485e+01
1.057712232862601809e+01
1.058304962727926046e+01
1.058897280360657334e+01
1.059489189701031187e+01
1.060080694643965415e+01
1.060671799039911534e+01
1.061262506695169883e+01
1.061852821372712796e+01
1.062442746792546444e+01
1.063032286632498646e+01
1.063621444528662430e+01
1.064210224075928224e+01
1.064798628828592442e+01
1.065386662300831588e+01
1.065974327967386159e+01
1.066561629263839528e+01
1.067148569587288165e+01
1.067735152296940626e+01
1.068321380714132829e+01
1.068907258123491211e+01
1.069492787772999698e+01
1.070077972874497085e+01
1.070662816604248313e+01
1.071247322103394772e+01
1.071831492478268189e+01
1.072415330801038991e+01
1.072998840109957719e+01
1.073582023409935360e+01
1.074164883672924020e+01
1.074747423838233829e+01
1.075329646813120732e+01
1.075911555473057213e+01
1.076493152662191655e+01
1.077074441193754062e+01
1.077655423850328020e+01
1.078236103384427302e+01
1.078816482518659114e+01
1.079396563946311360e+01
1.079976350331528856e+01
1.080555844309802183e+01
1.081135048488217087e+01
1.081713965445918824e+01
1.082292597734321582e+01
1.082870947877587575e+01
1.083449018372902906e+01
1.084026811690715064e+01
1.084604330275257844e+01
1.085181576544683857e+01
1.085758552891430995e+01
1.086335261682644848e+01
1.086911705260311400e+01
1.087487885941723498e+01
1.088063806019608215e+01
1.088639467762580537e+01
1.089214873415359186e+01
1.089790025199000922e+01
1.090364925311329536e+01
1.090939575927052907e+01
1.091513979198124495e+01
1.092088137254006597e+01
1.092662052201936618e+01
1.093235726127178786e+01
1.093814269757151258e+01
1.094394208831966608e+01
1.094973844851939226e+01
1.095553180553386952e+01
1.096132218642958733e+01
1.096710961797965034e+01
1.097289412666941288e+01
1.097867573869776336e+01
1.098445447998166280e+01
1.099023037616074916e+01
1.099600345259799283e+01
1.100177373438640238e+01
1.100754124634892683e+01
1.101330601304509216e+01
1.101906805877161055e+01
1.102482740756708601e+01
1.103058408321364503e+01
1.103633810924241665e+01
1.104208950893405650e+01
1.104783830532334932e+01
1.105358452120175095e+01
1.105932817911963184e+01
1.106506930139070377e+01
1.107080791009446230e+01
1.107654402707517249e+01
1.108227767395153762e+01
1.108800887211449115e+01
1.109373764273079388e+01
1.109946400674671807e+01
1.110518798488967462e+01
1.111090959767116892e+01
1.111662886538944939e+01
1.112234580813175455e+01
1.112806044577625642e+01
1.113377279799666830e+01
1.113948288426191624e+01
1.114519072383996701e+01
1.115089633580005923e+01
1.115659973901460411e+01
1.116230095216206131e+01
1.116799999372876329e+01
1.117369688201142530e+01
1.117939163511853096e+01
1.118508427097364510e+01
1.119077480731646901e+01
1.119646326170605377e+01
1.120214965152205444e+01
1.120783399396723468e+01
1.121351630606833183e+01
1.121919660467992763e+01
1.122487490648567565e+01
1.123055122799895145e+01
1.123622558556667705e+01
1.124189799537003509e+01
1.124756847342729316e+01
1.125323703559291744e+01
1.125890369756523413e+01
1.126456847488136681e+01
1.127023138292341997e+01
1.127589243691862109e+01
1.128155165194118048e+01
1.128720904291506066e+01
1.129286462461370455e+01
1.129851841166360771e+01
1.130417041854480864e+01
1.130982065959304528e+01
1.131546914900079415e+01
1.132111590081916930e+01
1.132676092896004683e+01
1.133240424719707384e+01
1.133804586916612145e+01
1.134368580836956575e+01
1.134932407817445998e+01
1.135496069181629686e+01
1.136059566240051311e+01
1.136622900290155336e+01
1.137186072616700017e+01
1.137749084491793283e+01
1.138311937174985289e+01
1.138874631913419044e+01
1.139437169942056194e+01
1.139999552483678258e+01
1.140561780749128573e+01
1.141123855937407150e+01
1.141685779235684706e+01
1.142247551819650830e+01
1.142809174853407761e+01
1.143370649489937030e+01
1.143931976870629796e+01
1.144493158126005561e+01
1.145054194375559220e+01
1.145615086727891629e+01
1.146175836280831462e+01
1.146736444121593657e+01
1.147296911326884938e+01
1.147857238962822990e+01
1.148417428085472203e+01
1.148977479740607954e+01
1.149537394963700798e+01
1.150097174780608711e+01
1.150656820206992492e+01
1.151216332248964669e+01
1.151775711902828725e+01
1.152334960155371135e+01
1.152894077983899379e+01
1.153453066356294698e+01
1.154011926231321716e+01
1.154570658558444585e+01
1.155129264278063594e+01
1.155687744321614296e+01
1.156246099611667510e+01
1.156804331061964142e+01
1.157362439577569724e+01
1.157920426054886143e+01
1.158478291381830516e+01
1.159036036437911044e+01
1.159593662094227362e+01
1.160151169213642497e+01
1.160708558650891042e+01
1.161265831252519831e+01
1.161822987857157941e+01
1.162380029295447414e+01
1.162936956390240972e+01
1.163493769956568080e+01
1.164050470801855930e+01
1.164607059725834759e+01
1.165163537520758297e+01
1.165719904971478194e+01
1.166276162855408316e+01
1.166832311942549261e+01
1.167388352996053058e+01
1.167944286771518136e+01
1.168500114017699865e+01
1.169055835476264882e+01
1.169611451881947772e+01
1.170166963962685713e+01
1.170722372439597336e+01
1.171277678026988944e+01
1.171832881432662532e+01
1.172387983357718255e+01
1.172942984496817154e+01
1.173497885538075103e+01
1.174052687163305286e+01
1.174607390047960465e+01
1.175161994861233161e+01
1.175716502266156738e+01
1.176270912919525102e+01
1.176825227472195934e+01
1.177379446568935073e+01
1.177933570848557210e+01
1.178488473975380835e+01
1.179044023896107696e+01
1.179599465478984044e+01
1.180154799489615414e+01
1.180710026686575631e+01
1.181265147821223849e+01
1.181820163637965138e+01
1.182375074874179077e+01
1.182929882260262566e+01
1.183484586520001969e+01
1.184039188370204165e+01
1.184593688521098009e+01
1.185148087676248174e+01
1.185702386532682873e+01
1.186256585780954964e+01
1.186810686105129697e+01
1.187364688182984374e+01
1.187918592685953634e+01
1.188472400279235686e+01
1.189026111621920023e+01
1.189579727366957940e+01
1.190133248161203205e+01
1.190686674645584198e+01
1.191240007455105676e+01
1.191793247218872409e+01
1.192346394560220624e+01
1.192899450096710190e+01
1.193452414440211484e+01
1.194005288197011971e+01
1.194558071967718149e+01
1.195110766347536924e+01
1.195663371926104190e+01
1.196215889287755907e+01
1.196768319011426662e+01
1.197320661670572406e+01
1.197872917833624129e+01
1.198425088063790156e+01
1.198977172919082435e+01
1.199529172952371603e+01
1.200081088711546862e+01
1.200632920739495191e+01
1.201184669574087671e+01
1.201736335748422846e+01
1.202287919790670401e+01
1.202839422224203503e+01
1.203390843567623847e+01
1.203942184334906607e+01
1.204493445035242871e+01
1.205044626173345890e+01
1.205595728249268639e+01
1.206146751758570979e+01
1.206697697192308283e+01
1.207248565037130561e+01
1.207799355775310168e+01
1.208350069884700417e+01
1.208900707838932931e+01
1.209451270107349075e+01
1.210001757155018076e+01
1.210552169442888371e+01
1.211102507427763264e+01
1.211652771562278730e+01
1.212202962295128472e+01
1.212753080070904410e+01
1.213303125330206100e+01
1.213853098509756911e+01
1.214403000042314495e+01
1.214952830356800106e+01
1.215502589878372852e+01
1.216052279028231276e+01
1.216601898223921729e+01
1.217151447879393444e+01
1.217700928404745042e+01
1.218250340206451554e+01
