1.000000000000000000e+01
1.009271514630571254e+01
1.018628990244687493e+01
1.028073223830865324e+01
1.037605019766911774e+01
1.047225189888434826e+01
1.056934553557988288e+01
1.066733937734857562e+01
1.076624177045493269e+01
1.086606113854597488e+01
1.096680598336868506e+01
1.106848488549412579e+01
1.117110650504824143e+01
1.127467958244946722e+01
1.137921293915315069e+01
1.148471547840289553e+01
1.159119618598885637e+01
1.169866413101307501e+01
1.180712846666190252e+01
1.191659843098559435e+01
1.202708334768512088e+01
1.213859262690628249e+01
1.225113576604118926e+01
1.236472235053715707e+01
1.247936205471311411e+01
1.259506464258357639e+01
1.271183996869028832e+01
1.282969797894147490e+01
1.294864871145904317e+01
1.306870229743346279e+01
1.318986896198669889e+01
1.331215902504307635e+01
1.343558290220825668e+01
1.356015110565633286e+01
1.368587424502518424e+01
1.381276302832009506e+01
1.394082826282577869e+01
1.407008085602685021e+01
1.420053181653682373e+01
1.433219225503573924e+01
1.446507338521646346e+01
1.459918652473978717e+01
1.473454309619835101e+01
1.487115462808953836e+01
1.500903275579735840e+01
1.514818922258345779e+01
1.528863588058730194e+01
1.543038469183564487e+01
1.557344772926134269e+01
1.571783717773162792e+01
1.586356533508590516e+01
1.601064461318317811e+01
1.615908753895918437e+01
1.630890675549332514e+01
1.646011502308550689e+01
1.661272522034293075e+01
1.676675034527699992e+01
1.692220351641037368e+01
1.707909797389427808e+01
1.723744708063619768e+01
1.739726432343801577e+01
1.755856331414468841e+01
1.772135779080359441e+01
1.788566161883461803e+01
1.805148879221109226e+01
1.821885343465167040e+01
1.838776980082327839e+01
1.855825227755518725e+01
1.873031538506437599e+01
1.890397377819221347e+01
1.907924224765266175e+01
1.925613572129198658e+01
1.943466926536020267e+01
1.961485808579431378e+01
1.979671752951332664e+01
1.998026308572550747e+01
2.016551038724746547e+01
2.035247521183577746e+01
2.054117348353064187e+01
2.073162127401231203e+01
2.092383480396976836e+01
2.111783044448244340e+01
2.131362471841437767e+01
2.151123430182167340e+01
2.171067602537264918e+01
2.191196687578148428e+01
2.211512399725488720e+01
2.232016469295233563e+01
2.252710642645980244e+01
2.273596682327716323e+01
2.294676367231935998e+01
2.315951492743153395e+01
2.337423870891814914e+01
2.359095330508635158e+01
2.380967717380358195e+01
2.403042894406968344e+01
2.425322741760352940e+01
2.447809157044441619e+01
2.470504055456825299e+01
2.493409369951879029e+01
2.516527051405391546e+01
2.539859068780725337e+01
2.563407409296515027e+01
2.587174078595922566e+01
2.611161100917459521e+01
2.635370519267394585e+01
2.659804395593758386e+01
2.684464810961963721e+01
2.709353865732051503e+01
2.734473679737581264e+01
2.759826392466180423e+01
2.785414163241767582e+01
2.811239171408464088e+01
2.837303616516213012e+01
2.863609718508115876e+01
2.890159717909510206e+01
2.916955876018796090e+01
2.944000475100035175e+01
2.971295818577334202e+01
2.998844231231029411e+01
3.026648059395692059e+01
3.054709671159969631e+01
3.083031456568276951e+01
3.111615827824359926e+01
3.140465219496752169e+01
3.169582088726115288e+01
3.198968915434537763e+01
3.228628202536730640e+01
3.258562476153226584e+01
3.288774285825510191e+01
3.319266204733190051e+01
3.350040829913132967e+01
3.381100782480685041e+01
3.412448707852889385e+01
3.444087275973823381e+01
3.476019181541977332e+01
3.508247144239792448e+01
3.540773908965270067e+01
3.573602246065788535e+01
3.606734951574028258e+01
3.640174847446141371e+01
3.673924781802074335e+01
3.707987629168170685e+01
3.742366290721980704e+01
3.777063694539366168e+01
3.812082795843888050e+01
3.847426577258503499e+01
3.883098049059604762e+01
3.919100249433404315e+01
3.955436244734701745e+01
3.992109129748051544e+01
4.029122027951348173e+01
4.066478091781856108e+01
4.104180502904709016e+01
4.142232472483895833e+01
4.180637241455757902e+01
4.219398080805026297e+01
4.258518291843414261e+01
4.298001206490796022e+01
4.337850187558989035e+01
4.378068629038168780e+01
4.418659956385941712e+01
4.459627626819093393e+01
4.500975129608046643e+01
4.542705986374045324e+01
4.584823751389095747e+01
4.627332011878691276e+01
4.670234388327335040e+01
4.713534534786906960e+01
4.757236139187889279e+01
4.801342923653449901e+01
4.845858644816495797e+01
4.890787094139589897e+01
4.936132098237916921e+01
4.981897519205160307e+01
5.028087254942479944e+01
5.074705239490465658e+01
5.121755443364241245e+01
5.169241873891598260e+01
5.217168575554349275e+01
5.265539630332755650e+01
5.314359158053241572e+01
5.363631316739240162e+01
5.413360302965381265e+01
5.463550352214875971e+01
5.514205739240301796e+01
5.565330778427645697e+01
5.616929824163809570e+01
5.669007271207433973e+01
5.721567555063251831e+01
5.774615152359820058e+01
5.828154581230845821e+01
5.882190401699956084e+01
5.936727216069122903e+01
5.991769669310618696e+01
6.047322449462645721e+01
6.103390288028621313e+01
6.159977960380165740e+01
6.217090286163826818e+01
6.274732129711577500e+01
6.332908400455114872e+01
6.391624053344002476e+01
6.450884089267692900e+01
6.510693555481458361e+01
6.571057546036270480e+01
6.631981202212672599e+01
6.693469712958660978e+01
6.755528315331642375e+01
6.818162294944478674e+01
6.881376986415666863e+01
6.945177773823695588e+01
7.009570091165620909e+01
7.074559422819878307e+01
7.140151304013399169e+01
7.206351321293053047e+01
7.273165113001458337e+01
7.340598369757212538e+01
7.408656834939563396e+01
7.477346305177587737e+01
7.546672630843886509e+01
7.616641716552891239e+01
7.687259521663727924e+01
7.758532060787835860e+01
7.830465404301182275e+01
7.903065678861348431e+01
7.976339067929272630e+01
8.050291812295981231e+01
8.124930210614047610e+01
8.200260619934130091e+01
8.276289456246342979e+01
8.353023195026779035e+01
8.430468371788967374e+01
8.508631582640582280e+01
8.587519484845171291e+01
8.667138797389233673e+01
8.747496301554414799e+01
8.828598841495150396e+01
8.910453324821513377e+01
8.993066723187622813e+01
9.076446072885356386e+01
9.160598475443708821e+01
9.245531098233570333e+01
9.331251175078250526e+01
9.417766006869518947e+01
9.505082962189506190e+01
9.593209477938241037e+01
9.682153059967080821e+01
9.771921283717996687e+01
9.862521794868779068e+01
9.953962309984233059e+01
1.004625061717340344e+02
1.013939457675291749e+02
1.023340212191642280e+02
1.032828125941028503e+02
1.042404007021555827e+02
1.052068671023622812e+02
1.061822941099384678e+02
1.071667648032863269e+02
1.081603630310709434e+02
1.091631734193614705e+02
1.101752813788387328e+02
1.111967731120698915e+02
1.122277356208507086e+02
1.132682567136153722e+02
1.143184250129150286e+02
1.153783299629660775e+02
1.164480618372685541e+02
1.175277117462945142e+02
1.186173716452479141e+02
1.197171343418966813e+02
1.208270935044775882e+02
1.219473436696738275e+02
1.230779802506665845e+02
1.242190995452617415e+02
1.253707987440919709e+02
1.265331759388942885e+02
1.277063301308644725e+02
1.288903612390892874e+02
1.300853701090570667e+02
1.312914585212465397e+02
1.325087291997953969e+02
1.337372858212496283e+02
1.349772330233941773e+02
1.362286764141646813e+02
1.374917225806419196e+02
1.387664790981307021e+02
1.400530545393219768e+02
1.413515584835395771e+02
1.426621015260736840e+02
1.439847952876006616e+02
1.453197524236895504e+02
1.466670866343968669e+02
1.480269126739508465e+02
1.493993463605256125e+02
1.507845045861051005e+02
1.521825053264387009e+02
1.535934676510896963e+02
1.550175117335768959e+02
1.564547588616095766e+02
1.579053314474175806e+02
1.593693530381774508e+02
1.608469483265355109e+02
1.623382431612278083e+02
1.638433645577984805e+02
1.653624407094180526e+02
1.668956009978023189e+02
1.684429760042315252e+02
1.700046975206718116e+02
1.715808985610004811e+02
1.731717133723352902e+02
1.747772774464680765e+02
1.763977275314045130e+02
1.780332016430113811e+02
1.796838390767719318e+02
1.813497804196495338e+02
1.830311675620613130e+02
1.847281437099634047e+02
1.864408533970485280e+02
1.881694424970555701e+02
1.899140582361935401e+02
1.916748492056815110e+02
1.934519653744044376e+02
1.952455581016861004e+02
1.970557801501800270e+02
1.988827856988809799e+02
2.007267303562568372e+02
2.025877711735017215e+02
2.044660666579117674e+02
2.063617767863858603e+02
2.082750630190514300e+02
2.102060883130158402e+02
2.121550171362452488e+02
2.141220154815729302e+02
2.161072508808376540e+02
2.181108924191519804e+02
2.201331107493030288e+02
2.221740781062882490e+02
2.242339683219844915e+02
2.263129568399529603e+02
2.284112207303823254e+02
2.305289387051706171e+02
2.326662911331457906e+02
2.348234600554276312e+02
2.370006292009327922e+02
2.391979840020237305e+02
2.414157116103017700e+02
2.436540009125465929e+02
2.459130425468044052e+02
2.481930289186252594e+02
2.504941542174502445e+02
2.528166144331500504e+02
2.551606073727183741e+02
2.575263326771198535e+02
2.599139918382932706e+02
2.623237882163123800e+02
2.647559270567066392e+02
2.672106155079432597e+02
2.696880626390692441e+02
2.721884794575179853e+02
2.747120789270811656e+02
2.772590759860481171e+02
2.798296875655115628e+02
2.824241326078435463e+02
2.850426320853434845e+02
2.876854090190591364e+02
2.903526884977814007e+02
2.930446976972144171e+02
2.957616658993253509e+02
2.985038245118729492e+02
3.012714070881164048e+02
3.040646493467068581e+02
3.068837891917642082e+02
3.097290667331406553e+02
3.126007243068703474e+02
3.154990064958088283e+02
3.184241601504652976e+02
3.213764344100275707e+02
3.243560807235811581e+02
3.273633528715247394e+02
3.303985069871858400e+02
3.334618015786362548e+02
3.365534975507094373e+02
3.396738582272209328e+02
3.428231493733970865e+02
3.460016392185108884e+02
3.492095984787271163e+02
3.524473003801584241e+02
3.557150206821382312e+02
3.590130377007068319e+02
3.623416323323149868e+02
3.657010880777489774e+02
3.690916910662774626e+02
3.725137300800209346e+02
3.759674965785467293e+02
3.794532847236938551e+02
3.829713914046276955e+02
3.865221162631261791e+02
3.901057617190993483e+02
3.937226329963479543e+02
3.973730381485604539e+02
4.010572880855496010e+02
4.047756965997322141e+02
4.085285803928561563e+02
4.123162591029748114e+02
4.161390553316707042e+02
4.199972946715305966e+02
4.238913057338778572e+02
4.278214201767613076e+02
4.317879727332021389e+02
4.357913012397029888e+02
4.398317466650223651e+02
4.439096531392166298e+02
4.480253679829489784e+02
4.521792417370701855e+02
4.563716281924758391e+02
4.606028844202398318e+02
4.648733708020256472e+02
4.691834510607798734e+02
4.735334922917116387e+02
4.779238649935595049e+02
4.823549431001467269e+02
4.868271040122284035e+02
4.913407286296362031e+02
4.958962013837211771e+02
5.004939102700953413e+02
5.051342468816766313e+02
5.098176064420424609e+02
5.145443878390924510e+02
5.193149936590211837e+02
5.241298302206062090e+02
5.289893076098151141e+02
5.338938397147350088e+02
5.388438442608223795e+02
5.438397428464801351e+02
5.488819609789671858e+02
5.539709281106399885e+02
5.591070776755293537e+02
5.642908471262536523e+02
5.695226779712819507e+02
5.748030158125351363e+02
5.801323103833378809e+02
5.855110155867238291e+02
5.909395895340965126e+02
5.964184945842459911e+02
6.019481973827274714e+02
6.075291689016071359e+02
6.131618844795768837e+02
6.188468238624383275e+02
6.245844712439618434e+02
6.303753153071274937e+02
6.362198492657482802e+02
6.421185709064758385e+02
6.480719826311971019e+02
6.540805914998252319e+02
6.601449092734883379e+02
6.662654524581149644e+02
6.724427423484249857e+02
6.786773050723295455e+02
6.849696716357440209e+02
6.913203779678127603e+02
6.977299649665537800e+02
7.041989785449288775e+02
7.107279696773412070e+02
7.173174944465612271e+02
7.239681140910877275e+02
7.306803950529499616e+02
7.374549090259546347e+02
7.442922330043758166e+02
7.511929493320968731e+02
7.581576457522110104e+02
7.651869154570817955e+02
7.722813571388642231e+02
7.794415750404950813e+02
7.866681790071581872e+02
7.939617845382275618e+02
8.013230128396886585e+02
8.087524908770457159e+02
8.162508514287228536e+02
8.238187331399601590e+02
8.314567805772063593e+02
8.391656442830161495e+02
8.469459808314585416e+02
8.547984528840405574e+02
8.627237292461450124e+02
8.707224849239921696e+02
8.787954011821319682e+02
8.869431656014704686e+02
8.951664721378301692e+02
9.034660211810524970e+02
9.118425196146562257e+02
9.202966808760410231e+02
9.288292250172498825e+02
9.374408787662990790e+02
9.461323755890759912e+02
9.549044557518077454e+02
9.637578663841088655e+02
9.726933615426169126e+02
9.817117022752183857e+02
9.908136566858665901e+02
1.000000000000000000e+03
