2.160964047443681313e+00
2.167621217974517123e+00
2.174278388505354265e+00
2.180935559036190519e+00
2.187592729567026772e+00
2.194249900097863026e+00
2.200907070628699724e+00
2.207564241159535978e+00
2.214221411690372676e+00
2.220878582221208930e+00
2.227535752752045184e+00
2.234192923282881438e+00
2.240850093813717692e+00
2.247507264344554834e+00
2.254164434875390643e+00
2.260821605406227341e+00
2.267478775937063595e+00
2.274135946467900293e+00
2.280793116998736547e+00
2.287450287529573245e+00
2.294107458060409499e+00
2.300764628591245753e+00
2.307421799122082007e+00
2.314078969652918261e+00
2.320736140183754959e+00
2.327393310714590768e+00
2.334050481245427910e+00
2.340707651776263720e+00
2.347364822307100418e+00
2.354021992837936672e+00
2.360679163368772926e+00
2.367336333899609624e+00
2.373993504430445878e+00
2.380650674961282576e+00
2.387307845492118830e+00
2.393965016022955083e+00
2.400622186553791337e+00
2.407279357084627591e+00
2.413936527615464289e+00
2.420593698146300543e+00
2.427250868677137241e+00
2.433908039207973495e+00
2.440565209738809749e+00
2.447222380269646447e+00
2.453879550800482701e+00
2.460536721331319399e+00
2.467193891862155652e+00
2.473851062392991906e+00
2.480508232923828160e+00
2.487165403454664414e+00
2.493822573985501112e+00
2.500479744516337366e+00
2.507136915047173620e+00
2.513794085578010318e+00
2.520451256108846572e+00
2.527108426639682826e+00
2.533765597170519523e+00
2.540422767701356221e+00
2.547079938232192475e+00
2.553737108763028729e+00
2.560394279293865427e+00
2.567051449824701681e+00
2.573708620355537935e+00
2.580365790886374189e+00
2.587022961417210887e+00
2.593680131948047141e+00
2.600337302478883394e+00
2.606994473009720092e+00
2.613651643540556346e+00
2.620308814071392600e+00
2.626965984602229298e+00
2.633623155133065552e+00
2.640280325663901806e+00
2.646937496194738504e+00
2.653594666725574758e+00
2.660251837256411456e+00
2.666909007787247265e+00
2.673566178318083963e+00
2.680223348848920217e+00
2.686880519379756915e+00
2.693537689910592725e+00
2.700194860441429423e+00
2.706852030972265677e+00
2.713509201503102819e+00
2.720166372033938185e+00
2.726823542564774883e+00
2.733480713095611137e+00
2.740137883626447834e+00
2.746795054157284088e+00
2.753452224688120786e+00
2.760109395218957040e+00
2.766766565749793294e+00
2.773423736280629548e+00
2.780080906811466246e+00
2.786738077342302500e+00
2.793395247873138754e+00
2.800052418403975452e+00
2.806709588934811705e+00
2.813366759465647959e+00
2.820023929996484213e+00
2.826681100527320911e+00
2.833338271058157609e+00
2.839995441588993863e+00
2.846652612119830117e+00
2.853309782650666815e+00
2.859966953181503069e+00
2.866624123712339323e+00
2.873281294243175576e+00
2.879938464774012274e+00
2.886595635304848528e+00
2.893252805835684782e+00
2.899909976366521480e+00
2.906567146897357734e+00
2.913224317428194432e+00
2.919881487959030686e+00
2.926538658489866940e+00
2.933195829020703638e+00
2.939852999551539892e+00
2.946510170082376145e+00
2.953167340613212843e+00
2.959824511144049097e+00
2.966481681674885351e+00
2.973138852205721605e+00
2.979796022736557859e+00
2.986453193267394557e+00
2.993110363798230811e+00
2.999767534329067509e+00
3.006424704859903763e+00
3.013081875390740461e+00
3.019739045921576270e+00
3.026396216452412968e+00
3.033053386983249222e+00
3.039710557514085920e+00
3.046367728044922174e+00
3.053024898575758872e+00
3.059682069106594682e+00
3.066339239637431380e+00
3.072996410168267634e+00
3.079653580699104332e+00
3.086310751229940141e+00
3.092967921760776839e+00
3.099625092291613093e+00
3.106282262822449347e+00
3.112939433353285601e+00
3.119596603884122299e+00
3.126253774414958997e+00
3.132910944945795251e+00
3.139568115476631505e+00
3.146225286007468203e+00
3.152882456538304456e+00
3.159539627069140710e+00
3.166196797599976964e+00
3.172853968130813662e+00
3.179511138661649916e+00
3.186168309192486170e+00
3.192825479723322868e+00
3.199482650254159122e+00
3.206139820784995376e+00
3.212796991315831630e+00
3.219454161846668327e+00
3.226111332377505025e+00
3.232768502908341279e+00
3.239425673439177533e+00
3.246082843970014231e+00
3.252740014500850485e+00
3.259397185031686739e+00
3.266054355562522993e+00
3.272711526093359691e+00
3.279368696624195501e+00
3.286025867155032198e+00
3.292683037685868452e+00
3.299340208216705594e+00
3.305997378747540960e+00
3.312654549278378102e+00
3.319311719809214356e+00
3.325968890340051054e+00
3.332626060870886864e+00
3.339283231401723562e+00
3.345940401932559816e+00
3.352597572463396514e+00
3.359254742994232323e+00
3.365911913525069021e+00
3.372569084055905275e+00
3.379226254586741973e+00
3.385883425117578227e+00
3.392540595648414925e+00
3.399197766179250735e+00
3.405854936710087433e+00
3.412512107240923687e+00
3.419169277771760385e+00
3.425826448302596194e+00
3.432483618833432892e+00
3.439140789364269146e+00
3.445797959895105844e+00
3.452455130425941654e+00
3.459112300956778352e+00
3.465769471487615050e+00
3.472426642018451304e+00
3.479083812549288002e+00
3.485740983080124256e+00
3.492398153610960954e+00
3.499055324141796763e+00
3.505712494672633461e+00
3.512369665203469715e+00
3.519026835734306413e+00
3.525684006265143111e+00
3.532341176795978921e+00
3.538998347326815175e+00
3.545655517857651873e+00
3.552312688388488571e+00
3.558969858919324381e+00
3.565627029450161523e+00
3.572284199980997332e+00
3.578941370511834030e+00
3.585598541042670284e+00
3.592255711573506982e+00
3.598912882104342792e+00
3.605570052635179490e+00
3.612227223166015744e+00
3.618884393696851554e+00
3.625541564227688252e+00
3.632198734758524505e+00
3.638855905289361647e+00
3.645513075820197013e+00
3.652170246351034599e+00
3.658827416881870853e+00
3.665484587412707551e+00
3.672141757943543361e+00
3.678798928474380059e+00
3.685456099005216313e+00
3.692113269536053011e+00
3.698770440066888820e+00
3.705427610597725518e+00
3.712084781128561772e+00
3.718741951659398470e+00
3.725399122190234280e+00
3.732056292721070978e+00
3.738713463251907232e+00
3.745370633782743930e+00
3.752027804313580184e+00
3.758684974844416882e+00
3.765342145375252692e+00
3.771999315906089389e+00
3.778656486436925643e+00
3.785313656967762341e+00
3.791970827498598151e+00
3.798627998029434849e+00
3.805285168560271103e+00
3.811942339091107801e+00
3.818599509621943611e+00
3.825256680152779865e+00
3.831913850683617007e+00
3.838571021214453705e+00
3.845228191745289958e+00
3.851885362276126212e+00
3.858542532806962910e+00
3.865199703337799608e+00
3.871856873868635418e+00
3.878514044399471672e+00
3.885171214930308370e+00
3.891828385461145068e+00
3.898485555991980878e+00
3.905142726522817131e+00
3.911799897053653829e+00
3.918457067584490527e+00
3.925114238115326337e+00
3.931771408646162591e+00
3.938428579176999289e+00
3.945085749707835987e+00
3.951742920238672241e+00
3.958400090769508051e+00
3.965057261300344749e+00
3.971714431831181447e+00
3.978371602362017700e+00
3.985028772892853510e+00
3.991685943423690208e+00
3.998343113954527794e+00
4.005000284485363160e+00
4.011657455016200302e+00
4.018314625547036556e+00
4.024971796077872810e+00
4.031628966608709064e+00
4.038286137139545318e+00
4.044943307670381571e+00
4.051600478201217825e+00
4.058257648732054079e+00
4.064914819262890333e+00
4.071571989793727475e+00
4.078229160324563729e+00
4.084886330855399095e+00
4.091543501386236237e+00
4.098200671917073379e+00
4.104857842447909633e+00
4.111515012978744998e+00
4.118172183509582140e+00
4.124829354040418394e+00
4.131486524571254648e+00
4.138143695102090902e+00
4.144800865632927156e+00
4.151458036163764298e+00
4.158115206694599664e+00
4.164772377225435918e+00
4.171429547756273060e+00
4.178086718287110202e+00
4.184743888817945567e+00
4.191401059348781821e+00
4.198058229879618963e+00
4.204715400410455217e+00
4.211372570941291471e+00
4.218029741472127725e+00
4.224686912002963979e+00
4.231344082533801121e+00
4.238001253064637375e+00
4.244658423595473629e+00
4.251315594126310771e+00
4.257972764657147025e+00
4.264629935187983278e+00
4.271287105718819532e+00
4.277944276249655786e+00
4.284601446780492040e+00
4.291258617311328294e+00
4.297915787842164548e+00
4.304572958373000802e+00
4.311230128903837944e+00
4.317887299434673309e+00
4.324544469965509563e+00
4.331201640496346705e+00
4.337858811027183847e+00
4.344515981558020101e+00
4.351173152088855467e+00
4.357830322619692609e+00
4.364487493150528863e+00
4.371144663681365117e+00
4.377801834212201371e+00
4.384459004743037625e+00
4.391116175273873878e+00
4.397773345804710132e+00
4.404430516335546386e+00
4.411087686866384416e+00
4.417744857397219782e+00
4.424402027928056036e+00
4.431059198458893178e+00
4.437716368989729432e+00
4.444373539520565686e+00
4.451030710051401940e+00
4.457687880582238193e+00
4.464345051113074447e+00
4.471002221643910701e+00
4.477659392174746955e+00
4.484316562705583209e+00
4.490973733236420351e+00
4.497630903767256605e+00
4.504288074298092859e+00
4.510945244828929113e+00
4.517602415359766255e+00
4.524259585890602509e+00
4.530916756421437874e+00
4.537573926952275016e+00
4.544231097483111270e+00
4.550888268013947524e+00
4.557545438544783778e+00
4.564202609075620032e+00
4.570859779606457174e+00
4.577516950137293428e+00
4.584174120668128793e+00
4.590831291198966824e+00
4.597488461729803078e+00
4.604145632260639331e+00
4.610802802791475585e+00
4.617459973322311839e+00
4.624117143853148981e+00
4.630774314383985235e+00
4.637431484914820601e+00
4.644088655445657743e+00
4.650745825976493997e+00
4.657402996507330251e+00
4.664060167038166504e+00
4.670717337569002758e+00
4.677374508099839900e+00
4.684031678630676154e+00
4.690688849161511520e+00
4.697346019692348662e+00
4.704003190223184916e+00
4.710660360754021170e+00
4.717317531284857424e+00
4.723974701815694566e+00
4.730631872346529931e+00
4.737289042877366185e+00
4.743946213408203327e+00
4.750603383939039581e+00
4.757260554469875835e+00
4.763917725000712089e+00
4.770574895531548343e+00
4.777232066062385485e+00
4.783889236593221739e+00
4.790546407124057104e+00
4.797203577654894247e+00
4.803860748185731389e+00
4.810517918716567642e+00
4.817175089247403896e+00
4.823832259778240150e+00
4.830489430309077292e+00
4.837146600839912658e+00
4.843803771370748912e+00
4.850460941901586054e+00
4.857118112432422308e+00
4.863775282963258562e+00
4.870432453494094815e+00
4.877089624024931069e+00
4.883746794555768211e+00
4.890403965086603577e+00
4.897061135617439831e+00
4.903718306148276973e+00
4.910375476679113227e+00
4.917032647209949481e+00
4.923689817740785735e+00
4.930346988271621989e+00
4.937004158802459131e+00
4.943661329333295384e+00
4.950318499864130750e+00
4.956975670394967892e+00
4.963632840925805034e+00
4.970290011456641288e+00
4.976947181987477542e+00
4.983604352518313796e+00
4.990261523049150938e+00
4.996918693579986304e+00
5.003575864110822558e+00
5.010233034641659700e+00
5.016890205172495953e+00
5.023547375703332207e+00
5.030204546234168461e+00
5.036861716765004715e+00
5.043518887295841857e+00
5.050176057826678111e+00
5.056833228357513477e+00
5.063490398888350619e+00
5.070147569419186873e+00
5.076804739950022238e+00
5.083461910480859380e+00
5.090119081011695634e+00
5.096776251542531888e+00
5.103433422073368142e+00
5.110090592604205284e+00
5.116747763135041538e+00
5.123404933665877792e+00
5.130062104196714046e+00
5.136719274727550300e+00
5.143376445258387442e+00
5.150033615789222807e+00
5.156690786320059061e+00
5.163347956850896203e+00
5.170005127381733345e+00
5.176662297912569599e+00
5.183319468443405853e+00
5.189976638974242107e+00
5.196633809505079249e+00
5.203290980035914615e+00
5.209948150566750869e+00
5.216605321097588011e+00
5.223262491628424264e+00
5.229919662159260518e+00
5.236576832690096772e+00
5.243234003220933026e+00
5.249891173751770168e+00
5.256548344282605534e+00
5.263205514813441788e+00
5.269862685344278930e+00
5.276519855875115184e+00
5.283177026405951437e+00
5.289834196936787691e+00
5.296491367467623945e+00
5.303148537998461087e+00
5.309805708529297341e+00
5.316462879060132707e+00
5.323120049590969849e+00
5.329777220121806103e+00
5.336434390652642357e+00
5.343091561183478611e+00
5.349748731714314864e+00
5.356405902245152895e+00
5.363063072775988260e+00
5.369720243306824514e+00
5.376377413837661656e+00
5.383034584368497910e+00
5.389691754899334164e+00
5.396348925430170418e+00
5.403006095961006672e+00
5.409663266491842926e+00
5.416320437022679180e+00
5.422977607553515433e+00
5.429634778084352575e+00
5.436291948615188829e+00
5.442949119146024195e+00
5.449606289676861337e+00
5.456263460207697591e+00
5.462920630738533845e+00
5.469577801269370099e+00
5.476234971800207241e+00
5.482892142331043495e+00
