GENOME	ENTROPIES for motif lengths [1 2 3]
3384338455	1.000000000000000e+00 2.000000000000000e+00 2.499999999999999e+00
105862941	1.000000000000000e+00 2.000000000000000e+00 2.499999999999999e+00
1533010866	1.000000000000000e+00 2.000000000000000e+00 2.499999999999999e+00
3570993867	1.000000000000000e+00 2.000000000000000e+00 2.499999999999999e+00
1223977929	1.000000000000000e+00 2.000000000000000e+00 2.499999999999999e+00
2959620472	1.000000000000000e+00 2.000000000000000e+00 2.499999999999999e+00
3322553364	1.000000000000000e+00 2.000000000000000e+00 2.499999999999999e+00
133028499	1.000000000000000e+00 2.000000000000000e+00 2.499999999999999e+00
58037323	1.000000000000000e+00 2.000000000000000e+00 2.499999999999999e+00
55163690	1.000000000000000e+00 2.000000000000000e+00 2.499999999999999e+00
